0.01 0.00999983333416666
0.02 0.0199986666933331
0.03 0.0299955002024957
0.04 0.0399893341866342
0.05 0.0499791692706783
0.06 0.0599640064794446
0.07 0.0699428473375328
0.08 0.0799146939691727
0.09 0.089878549198011
0.1 0.0998334166468281
0.11 0.109778300837175
0.12 0.119712207288919
0.13 0.129634142619695
0.14 0.139543114644236
0.15 0.149438132473599
0.16 0.159318206614246
0.17 0.169182349066996
0.18 0.179029573425824
0.19 0.188858894976501
0.2 0.198669330795061
0.21 0.2084598998461
0.22 0.218229623080869
0.23 0.227977523535188
0.24 0.237702626427135
0.25 0.247403959254523
0.26 0.257080551892155
0.27 0.266731436688831
0.28 0.276355648564114
0.29 0.285952225104836
0.3 0.29552020666134
0.31 0.305058636443444
0.32 0.314566560616118
0.33 0.324043028394868
0.34 0.333487092140815
0.35 0.342897807455452
0.36 0.35227423327509
0.37 0.361615431964962
0.38 0.370920469412983
0.39 0.380188415123162
0.4 0.389418342308651
0.41 0.398609327984423
0.42 0.40776045305957
0.43 0.416870802429211
0.44 0.425939465066
0.45 0.43496553411123
0.46 0.44394810696552
0.47 0.452886285379068
0.48 0.461779175541483
0.49 0.470625888171158
0.5 0.479425538604203
0.51 0.488177246882908
0.52 0.496880137843737
0.53 0.505533341204847
0.54 0.514135991653113
0.55 0.522687228930659
0.56 0.531186197920884
0.57 0.53963204873397
0.58 0.548023936791874
0.59 0.556361022912784
0.6 0.564642473395036
0.61 0.572867460100482
0.62 0.581035160537305
0.63 0.58914475794227
0.64 0.597195441362392
0.65 0.60518640573604
0.66 0.613116851973434
0.67 0.62098598703656
0.68 0.628793024018469
0.69 0.636537182221968
0.7 0.644217687237691
0.71 0.651833771021537
0.72 0.659384671971473
0.73 0.666869635003698
0.74 0.674287911628145
0.75 0.681638760023334
0.76 0.688921445110552
0.77 0.696135238627357
0.78 0.70327941920041
0.79 0.710353272417608
0.8 0.717356090899523
0.81 0.724287174370143
0.820000000000001 0.731145829726896
0.830000000000001 0.737931371109963
0.840000000000001 0.74464311997086
0.850000000000001 0.751280405140293
0.860000000000001 0.757842562895277
0.870000000000001 0.764328937025505
0.880000000000001 0.77073887889897
0.890000000000001 0.777071747526824
0.900000000000001 0.783326909627484
0.910000000000001 0.789503739689951
0.920000000000001 0.795601620036366
0.930000000000001 0.801619940883778
0.940000000000001 0.807558100405115
0.950000000000001 0.813415504789374
0.960000000000001 0.819191568300999
0.970000000000001 0.82488571333845
0.980000000000001 0.830497370491971
0.990000000000001 0.836025978600521
1 0.841470984807897
1.01 0.846831844618016
1.02 0.852108021949363
1.03 0.857298989188604
1.04 0.862404227243339
1.05 0.867423225594017
1.06 0.872355482344987
1.07 0.877200504274682
1.08 0.881957806884948
1.09 0.886626914449488
1.1 0.891207360061436
1.11 0.895698685680048
1.12 0.900100442176505
1.13 0.904412189378826
1.14 0.908633496115884
1.15 0.912763940260521
1.16 0.916803108771767
1.17 0.920750597736136
1.18 0.924606012408021
1.19 0.928368967249167
1.2 0.932039085967227
1.21 0.935616001553386
1.22 0.939099356319068
1.23 0.942488801931698
1.24 0.945783999449539
1.25 0.948984619355587
1.26 0.952090341590516
1.27 0.955100855584692
1.28 0.958015860289225
1.29 0.960835064206073
1.3 0.963558185417193
1.31 0.966184951612734
1.32 0.968715100118265
1.33 0.971148377921045
1.34 0.97348454169532
1.35 0.975723357826659
1.36 0.977864602435316
1.37 0.979908061398614
1.38 0.98185353037236
1.39 0.983700814811277
1.4 0.98544972998846
1.41 0.98710010101385
1.42 0.98865176285172
1.43 0.990104560337178
1.44 0.991458348191687
1.45 0.992712991037589
1.46 0.993868363411645
1.47 0.994924349777581
1.48 0.99588084453764
1.49 0.996737752043144
1.5 0.997494986604055
1.51 0.998152472497548
1.52 0.998710143975583
1.53 0.999167945271476
1.54 0.999525830605479
1.55 0.999783764189357
1.56 0.999941720229966
1.57 0.999999682931835
1.58 0.99995764649874
1.59 0.999815615134291
1.6 0.999573603041505
1.61 0.999231634421391
1.62 0.998789743470524
1.63 0.998247974377632
1.64 0.997606381319174
1.65 0.996865028453919
1.66 0.996023989916537
1.67 0.99508334981018
1.68 0.994043202198076
1.69 0.992903651094118
1.7 0.991664810452468
1.71 0.990326804156158
1.72 0.988889766004701
1.73 0.987353839700716
1.74 0.985719178835553
1.75 0.983985946873937
1.76 0.982154317137618
1.77 0.980224472788045
1.78 0.978196606808044
1.79 0.976070921982524
1.8 0.973847630878195
1.81 0.971526955822315
1.82 0.969109128880456
1.83 0.966594391833297
1.84 0.963982996152448
1.85 0.9612752029753
1.86 0.958471283078914
1.87 0.955571516852944
1.88 0.952576194271595
1.89 0.94948561486463
1.9 0.946300087687414
1.91 0.94301993129001
1.92 0.939645473685324
1.93 0.936177052316306
1.94 0.9326150140222
1.95 0.928959715003869
1.96 0.925211520788168
1.97 0.921370806191395
1.98 0.917437955281809
1.99 0.913413361341225
2 0.909297426825681
2.01 0.9050905633252
2.02 0.900793191522627
2.03 0.89640574115156
2.04 0.891928650953379
2.05 0.887362368633375
2.06 0.882707350815974
2.07 0.877964062999078
2.08 0.873132979507517
2.09 0.868214583445613
2.1 0.863209366648874
2.11 0.858117829634809
2.12 0.852940481552877
2.13 0.847677840133571
2.14 0.842330431636647
2.15 0.836898790798499
2.16 0.831383460778684
2.17 0.825784993105609
2.18 0.820103947621376
2.19 0.814340892425798
2.2 0.808496403819592
2.21 0.802571066246749
2.22 0.796565472236089
2.23 0.790480222342007
2.24 0.784315925084422
2.25 0.778073196887924
2.26 0.771752662020128
2.27 0.765354952529256
2.28 0.758880708180925
2.29 0.752330576394174
2.29999999999999 0.745705212176724
2.30999999999999 0.739005278059474
2.31999999999999 0.732231444030255
2.32999999999999 0.725384387466824
2.33999999999999 0.71846479306913
2.34999999999999 0.711473352790849
2.35999999999999 0.704410765770181
2.36999999999999 0.697277738259943
2.37999999999999 0.690074983556941
2.38999999999999 0.682803221930645
2.39999999999999 0.675463180551156
2.40999999999999 0.668055593416497
2.41999999999999 0.660581201279206
2.42999999999999 0.653040751572271
2.43999999999999 0.645434998334377
2.44999999999999 0.63776470213451
2.45999999999999 0.630030629995899
2.46999999999999 0.622233555319312
2.47999999999999 0.614374257805719
2.48999999999999 0.606453523378322
2.49999999999999 0.598472144103964
2.50999999999999 0.590430918113921
2.51999999999999 0.58233064952409
2.52999999999999 0.574172148354581
2.53999999999999 0.565956230448711
2.54999999999999 0.557683717391426
2.55999999999999 0.549355436427136
2.56999999999999 0.540972220376998
2.57999999999999 0.53253490755563
2.58999999999999 0.524044341687286
2.59999999999999 0.515501371821474
2.60999999999999 0.506906852248063
2.61999999999999 0.498261642411849
2.62999999999999 0.48956660682661
2.63999999999999 0.480822614988659
2.64999999999999 0.472030541289894
2.65999999999999 0.463191264930357
2.66999999999999 0.454305669830318
2.67999999999999 0.445374644541883
2.68999999999999 0.436399082160138
2.69999999999999 0.427379880233842
2.70999999999999 0.418317940675671
2.71999999999999 0.40921416967203
2.72999999999999 0.400069477592433
2.73999999999999 0.390884778898466
2.74999999999999 0.381660992052345
2.75999999999999 0.372399039425069
2.76999999999998 0.363099847204182
2.77999999999998 0.353764345301157
2.78999999999998 0.344393467258405
2.79999999999998 0.33498815015592
2.80999999999998 0.325549334517575
2.81999999999998 0.316077964217069
2.82999999999998 0.306574986383539
2.83999999999998 0.297041351306848
2.84999999999998 0.287478012342561
2.85999999999998 0.277885925816603
2.86999999999998 0.268266050929635
2.87999999999998 0.258619349661128
2.88999999999998 0.24894678667317
2.89999999999998 0.239249329214
2.90999999999998 0.229527947021282
2.91999999999998 0.219783612225135
2.92999999999998 0.210017299250917
2.93999999999998 0.200229984721789
2.94999999999998 0.190422647361046
2.95999999999998 0.180596267894252
2.96999999999998 0.170751828951165
2.97999999999998 0.160890314967475
2.98999999999998 0.151012712086364
2.99999999999998 0.141120008059887
3.00999999999998 0.131213192150204
3.01999999999998 0.12129325503065
3.02999999999998 0.11136118868667
3.03999999999998 0.101417986316623
3.04999999999998 0.091464642232458
3.05999999999998 0.0815021517602904
3.06999999999998 0.071531511140865
3.07999999999998 0.0615537174299349
3.08999999999998 0.0515697683985564
3.09999999999998 0.0415806624333127
3.10999999999998 0.0315873984364761
3.11999999999998 0.0215909757261186
3.12999999999998 0.0115923939361809
3.13999999999998 0.00159265291650992
3.14999999999998 -0.00840724736712553
3.15999999999998 -0.0184063069330303
3.16999999999998 -0.0284035258835803
3.17999999999998 -0.0383979045052114
3.18999999999998 -0.0483884433683902
3.19999999999998 -0.0583741434275557
3.20999999999998 -0.0683540061210234
3.21999999999998 -0.0783270334708405
3.22999999999998 -0.0882922281825828
3.23999999999997 -0.0982485937450835
3.24999999999997 -0.108195134530083
3.25999999999997 -0.118130855891792
3.26999999999997 -0.128054764266354
3.27999999999997 -0.137965867271201
3.28999999999997 -0.147863173804293
3.29999999999997 -0.157745694143222
3.30999999999997 -0.167612440044192
3.31999999999997 -0.177462424840834
3.32999999999997 -0.187294663542877
3.33999999999997 -0.197108172934643
3.34999999999997 -0.206901971673373
3.35999999999997 -0.216675080387353
3.36999999999997 -0.226426521773856
3.37999999999997 -0.23615532069687
3.38999999999997 -0.245860504284609
3.39999999999997 -0.255541102026804
3.40999999999997 -0.265196145871746
3.41999999999997 -0.274824670323096
3.42999999999997 -0.284425712536434
3.43999999999997 -0.29399831241554
3.44999999999997 -0.303541512708401
3.45999999999997 -0.313054359102942
3.46999999999997 -0.32253590032245
3.47999999999997 -0.331985188220706
3.48999999999997 -0.341401277876792
3.49999999999997 -0.350783227689591
3.50999999999997 -0.36013009947194
3.51999999999997 -0.369440958544448
3.52999999999997 -0.378714873828969
3.53999999999997 -0.387950917941701
3.54999999999997 -0.397148167285931
3.55999999999997 -0.406305702144388
3.56999999999997 -0.415422606771217
3.57999999999997 -0.424497969483553
3.58999999999997 -0.433530882752688
3.59999999999997 -0.442520443294823
3.60999999999997 -0.451465752161394
3.61999999999997 -0.460365914828969
3.62999999999997 -0.469220041288698
3.63999999999997 -0.478027246135313
3.64999999999997 -0.48678664865567
3.65999999999997 -0.495497372916815
3.66999999999997 -0.504158547853582
3.67999999999997 -0.512769307355694
3.68999999999997 -0.521328790354377
3.69999999999997 -0.529836140908464
3.70999999999996 -0.538290508289988
3.71999999999996 -0.546691047069257
3.72999999999996 -0.555036917199394
3.73999999999996 -0.56332728410034
3.74999999999996 -0.571561318742314
3.75999999999996 -0.579738197728713
3.76999999999996 -0.587857103378453
3.77999999999996 -0.595917223807735
3.78999999999996 -0.603917753011231
3.79999999999996 -0.61185789094269
3.80999999999996 -0.619736843594934
3.81999999999996 -0.627553823079264
3.82999999999996 -0.635308047704247
3.83999999999996 -0.64299874205388
3.84999999999996 -0.650625137065138
3.85999999999996 -0.658186470104876
3.86999999999996 -0.66568198504609
3.87999999999996 -0.673110932343533
3.88999999999996 -0.680472569108665
3.89999999999996 -0.687766159183945
3.90999999999996 -0.694990973216444
3.91999999999996 -0.702146288730777
3.92999999999996 -0.709231390201358
3.93999999999996 -0.716245569123943
3.94999999999996 -0.723188124086484
3.95999999999996 -0.730058360839272
3.96999999999996 -0.736855592364356
3.97999999999996 -0.743579138944247
3.98999999999996 -0.750228328229892
3.99999999999996 -0.756802495307901
4.00999999999996 -0.763300982767047
4.01999999999996 -0.769723140763998
4.02999999999996 -0.776068327088306
4.03999999999996 -0.782335907226627
4.04999999999996 -0.788525254426169
4.05999999999996 -0.794635749757372
4.06999999999996 -0.800666782175792
4.07999999999996 -0.806617748583215
4.08999999999996 -0.812488053887959
4.09999999999996 -0.818277111064386
4.10999999999996 -0.823984341211601
4.11999999999996 -0.829609173611347
4.12999999999996 -0.83515104578507
4.13999999999996 -0.840609403550171
4.14999999999996 -0.845983701075423
4.15999999999996 -0.851273400935551
4.16999999999996 -0.856477974164978
4.17999999999996 -0.861596900310718
4.18999999999996 -0.866629667484422
4.19999999999995 -0.871575772413566
4.20999999999995 -0.87643472049178
4.21999999999995 -0.881206025828304
4.22999999999995 -0.885889211296581
4.23999999999995 -0.890483808581968
4.24999999999995 -0.894989358228563
4.25999999999995 -0.899405409685157
4.26999999999995 -0.903731521350286
4.27999999999995 -0.907967260616386
4.28999999999995 -0.912112203913061
4.29999999999995 -0.916165936749436
4.30999999999995 -0.920128053755605
4.31999999999995 -0.92399815872317
4.32999999999995 -0.927775864644858
4.33999999999995 -0.931460793753225
4.34999999999995 -0.935052577558432
4.35999999999995 -0.938550856885091
4.36999999999995 -0.941955281908185
4.37999999999995 -0.945265512188047
4.38999999999995 -0.94848121670441
4.39999999999995 -0.951602073889501
4.40999999999995 -0.954627771660202
4.41999999999995 -0.957558007449257
4.42999999999995 -0.960392488235529
4.43999999999995 -0.963130930573303
4.44999999999995 -0.965773060620626
4.45999999999995 -0.968318614166695
4.46999999999995 -0.970767336658276
4.47999999999995 -0.973118983225162
4.48999999999995 -0.975373318704655
4.49999999999995 -0.977530117665086
4.50999999999995 -0.979589164428357
4.51999999999995 -0.981550253091506
4.52999999999995 -0.983413187547301
4.53999999999995 -0.98517778150385
4.54999999999995 -0.986843858503228
4.55999999999995 -0.988411251939122
4.56999999999995 -0.989879805073496
4.57999999999995 -0.99124937105226
4.58999999999995 -0.992519812919957
4.59999999999995 -0.993691003633458
4.60999999999995 -0.99476282607467
4.61999999999995 -0.99573517306224
4.62999999999995 -0.996607947362281
4.63999999999995 -0.997381061698089
4.64999999999995 -0.998054438758876
4.65999999999995 -0.998628011207496
4.66999999999994 -0.999101721687182
4.67999999999994 -0.999475522827282
4.68999999999994 -0.999749377247993
4.69999999999994 -0.9999232575641
4.70999999999994 -0.999997146387718
4.71999999999994 -0.999971036330025
4.72999999999994 -0.999844930002005
4.73999999999994 -0.999618840014187
4.74999999999994 -0.99929278897538
4.75999999999994 -0.998866809490417
4.76999999999994 -0.998340944156891
4.77999999999994 -0.997715245560897
4.78999999999994 -0.996989776271774
4.79999999999994 -0.996164608835846
4.80999999999994 -0.995239825769168
4.81999999999994 -0.994215519549278
4.82999999999994 -0.993091792605942
4.83999999999994 -0.99186875731092
4.84999999999994 -0.990546535966721
4.85999999999994 -0.989125260794379
4.86999999999994 -0.987605073920225
4.87999999999994 -0.98598612736168
4.88999999999994 -0.984268583012052
4.89999999999994 -0.982452612624344
4.90999999999994 -0.980538397794081
4.91999999999994 -0.978526129941151
4.92999999999994 -0.976416010290663
4.93999999999994 -0.974208249852823
4.94999999999994 -0.971903069401835
4.95999999999994 -0.969500699453824
4.96999999999994 -0.967001380243782
4.97999999999994 -0.964405361701547
4.98999999999994 -0.96171290342681
4.99999999999994 -0.958924274663156
5.00999999999994 -0.956039754271136
5.01999999999994 -0.953059630700387
5.02999999999994 -0.94998420196078
5.03999999999994 -0.946813775592629
5.04999999999994 -0.943548668635927
5.05999999999994 -0.94018920759865
5.06999999999994 -0.936735728424101
5.07999999999994 -0.933188576457321
5.08999999999994 -0.929548106410549
5.09999999999994 -0.925814682327757
5.10999999999994 -0.921988677548241
5.11999999999994 -0.918070474669293
5.12999999999994 -0.914060465507933
5.13999999999993 -0.909959051061738
5.14999999999993 -0.905766641468732
5.15999999999993 -0.901483655966383
5.16999999999993 -0.897110522849671
5.17999999999993 -0.892647679428264
5.18999999999993 -0.888095571982785
5.19999999999993 -0.883454655720184
5.20999999999993 -0.878725394728222
5.21999999999993 -0.873908261929055
5.22999999999993 -0.869003739031949
5.23999999999993 -0.864012316485108
5.24999999999993 -0.858934493426627
5.25999999999993 -0.853770777634579
5.26999999999993 -0.84852168547624
5.27999999999993 -0.843187741856454
5.28999999999993 -0.837769480165135
5.29999999999993 -0.832267442223939
5.30999999999993 -0.826682178232075
5.31999999999993 -0.821014246711287
5.32999999999993 -0.815264214450004
5.33999999999993 -0.80943265644666
5.34999999999993 -0.803520155852197
5.35999999999993 -0.797527303911747
5.36999999999993 -0.791454699905509
5.37999999999993 -0.785302951088824
5.38999999999993 -0.779072672631447
5.39999999999993 -0.772764487556032
5.40999999999993 -0.76637902667583
5.41999999999993 -0.759916928531607
5.42999999999993 -0.753378839327793
5.43999999999993 -0.74676541286786
5.44999999999993 -0.740077310488943
5.45999999999993 -0.733315200995705
5.46999999999993 -0.726479760593463
5.47999999999993 -0.719571672820558
5.48999999999993 -0.712591628480013
5.49999999999993 -0.705540325570444
5.50999999999993 -0.698418469216266
5.51999999999993 -0.69122677159718
5.52999999999993 -0.683965951876954
5.53999999999993 -0.676636736131511
5.54999999999993 -0.669239857276317
5.55999999999993 -0.661776054993093
5.56999999999993 -0.654246075655848
5.57999999999993 -0.64665067225624
5.58999999999993 -0.638990604328281
5.59999999999993 -0.631266637872379
5.60999999999992 -0.623479545278744
5.61999999999992 -0.615630105250146
5.62999999999992 -0.607719102724046
5.63999999999992 -0.599747328794104
5.64999999999992 -0.591715580631071
5.65999999999992 -0.583624661403069
5.66999999999992 -0.57547538019528
5.67999999999992 -0.567268551929032
5.68999999999992 -0.559004997280313
5.69999999999992 -0.550685542597702
5.70999999999992 -0.542311019819735
5.71999999999992 -0.53388226639171
5.72999999999992 -0.525400125181946
5.73999999999992 -0.516865444397496
5.74999999999992 -0.508279077499326
5.75999999999992 -0.49964188311697
5.76999999999992 -0.49095472496267
5.77999999999992 -0.482218471745001
5.78999999999992 -0.473433997082005
5.79999999999992 -0.464602179413827
5.80999999999992 -0.455723901914876
5.81999999999992 -0.446800052405502
5.82999999999992 -0.437831523263219
5.83999999999992 -0.428819211333468
5.84999999999992 -0.419764017839932
5.85999999999992 -0.410666848294415
5.86999999999992 -0.401528612406289
5.87999999999992 -0.392350223991528
5.88999999999992 -0.383132600881326
5.89999999999992 -0.373876664830312
5.90999999999992 -0.364583341424377
5.91999999999992 -0.355253559988119
5.92999999999992 -0.345888253491905
5.93999999999992 -0.336488358458582
5.94999999999992 -0.327054814869819
5.95999999999992 -0.317588566072113
5.96999999999992 -0.308090558682457
5.97999999999992 -0.298561742493673
5.98999999999992 -0.289003070379441
5.99999999999992 -0.279415498199006
6.00999999999992 -0.269799984701597
6.01999999999992 -0.26015749143055
6.02999999999992 -0.250488982627157
6.03999999999992 -0.240795425134241
6.04999999999992 -0.231077788299474
6.05999999999992 -0.221337043878442
6.06999999999992 -0.211574165937468
6.07999999999991 -0.201790130756212
6.08999999999991 -0.191985916730039
6.09999999999991 -0.18216250427218
6.10999999999991 -0.172320875715695
6.11999999999991 -0.162462015215239
6.12999999999991 -0.152586908648646
6.13999999999991 -0.142696543518344
6.14999999999991 -0.132791908852603
6.15999999999991 -0.122873995106636
6.16999999999991 -0.112943794063554
6.17999999999991 -0.103002298735184
6.18999999999991 -0.0930505032627764
6.19999999999991 -0.083089402817584
6.20999999999991 -0.0731199935013508
6.21999999999991 -0.0631432722467005
6.22999999999991 -0.0531602367174448
6.23999999999991 -0.0431718852088174
6.24999999999991 -0.0331792165476456
6.25999999999991 -0.0231832299924682
6.26999999999991 -0.013184925133611
6.27999999999991 -0.0031853017932277
6.28999999999991 0.00681464007468047
6.29999999999991 0.01681390048426